-1
-14
-16
-5
-3
-5
-6
3
-4
5
-19
3
-16
-10
-10
-15
3
1
6
-7
4
8
4
12
-2
-1
-9
-13
-5
-3
-7
-7
-8
-16
-10
-16
-9
-12
-10
-12
-12
-14
-15
-15
-14
-13
-11
-11
-15
-10
-10
-5
-3
-2
-7
-7
-2
-9
-4
-5
1
-6
-6
-13
-5
-8
-8
-5
-15
-19
-13
-5
-3
0
-3
-15
-1
-2
6
-3
-7
-11
-7
1
6
-5
-5
-4
-2
-4
-18
-5
-9
3
0
-7
3
6
-8
4
-5
3
-4
-7
13
-1
-12
-17
-13
-13
-7
-11
-16
-8
-4
0
-17
-17
-9
-11
-10
-14
2
-7
8
-12
-6
-2
2
-7
-8
-5
-4
-4
5
-11
0
-2
2
-9
-11
-15
-26
2
-2
3
11
-19
-8
-14
-17
15
17
0
-1
7
15
28
10
8
24
3
8
0
5
-16
11
11
2
39
25
17
22
26
15
15
20
25
15
10
17
9
4
8
18
4
12
3
10
4
2
4
4
24
-11
18
9
10
4
4
18
1
7
5
2
22
15
19
11
10
15
9
24
21
9
31
11
40
25
11
19
7
21
9
25
8
21
21
9
27
38
50
57
5
-5
12
11
-6
22
30
27
25
17
4
13
0
15
32
32
29
31
15
2
18
-5
16
34
31
25
13
1
5
0
17
22
5
6
17
0
14
14
13
5
8
4
14
7
4
-6
13
1
5
9
9
10
13
2
4
-5
-4
-19
2
4
-6
5
7
-10
9
-9
-2
-2
-11
-7
-5
-5
-14
-8
-8
-10
-2
-11
2
-7
5
-1
-4
-9
2
-1
1
0
0
-2
-12
0
-7
-5
-11
-15
-18
3
14
1
3
4
2
2
-5
-1
18
5
-4
-9
-5
-15
17
1
-11
18
-8
1
-7
-2
11
-3
34
12
4
10
11
-9
23
13
-1
2
7
-1
0
12
7
12
9
6
2
-4
6
-10
-2
-1
-2
8
-1
2
15
4
-2
-7
0
4
2
-7
6
-13
-10
-2
-2
-6
-17
-2
-10
6
-2
0
-17
-9
-7
-4
-5
-9
1
-1
0
3
-1
0
-5
5
9
5
-2
1
-2
1
-5
-11
4
-4
0
15
8
-5
-2
5
-12
8
3
-4
3
-5
10
1
0
-2
-5
2
2
-3
-2
3
4
-1
8
7
-5
0
-4
22
5
-1
-1
-9
3
11
18
-9
-3
0
-9
-6
-2
-2
-6
3
-6
-3
3
5
-8
4
-4
-2
-7
-5
1
0
-12
-4
-1
5
-1
3
-3
-7
-11
7
-14
-2
-1
-11
1
-13
16
-1
4
-3
-3
-6
-8
5
-6
-7
-2
0
-1
6
8
-2
-3
3
0
-5
-3
24
7
2
-5
-9
-5
-9
2
-6
-10
1
-3
1
-10
-14
7
-11
8
-15
-2
3
7
-5
-4
0
-6
-9
-2
-9
-9
13
-2
-5
-8
-6
10
6
4
-1
-13
-2
1
-7
-8
-3
-3
9
-5
-5
-1
-5
-9
10
-1
-16
4
5
-7
10
-3
-4
4
7
-3
-4
5
2
-5
-12
-8
-19
-3
5
-6
12
2
-7
-8
3
3
3
12
-4
-2
-2
-3
3
-7
-3
-3
-8
-8
7
-1
-2
1
-6
-5
-2
6
-4
-2
-4
-10
2
-3
-14
-3
-2
-5
-9
-9
-6
-13
2
4
3
-3
-10
-6
0
5
7
13
11
-9
-4
-5
-5
-4
3
3
-6
3
-5
-2
2
-6
1
-2
-11
-3
4
4
0
13
-5
5
2
-2
2
-1
-6
-13
19
-2
2
0
9
1
-5
4
-7
-5
-20
-11
-13
6
7
-4
0
1
-9
8
0
-6
1
3
11
12
-2
-1
-3
-1
-1
-3
5
-4
-6
-6
-8
-8
-4
-8
14
-10
0
-7
-2
2
1
9
-6
3
-18
-7
1
-8
5
9
-3
22
-9
2
1
-3
-4
-14
-2
-2
0
-5
4
-14
-10
0
-2
1
8
-5
2
-1
1
-1
8
-6
8
-6
-1
3
-8
7
2
9
-8
0
12
-5
1
-8
6
-3
-5
-3
-5
3
2
-9
1
-2
-4
-4
5
-2
-4
13
-8
2
-4
-4
6
4
1
4
-4
5
-7
6
-4
-2
-18
-17
-5
14
2
5
6
-11
-9
1
-7
6
-13
2
7
-9
-7
-10
-2
-6
-4
-1
4
4
-3
-5
-5
12
-2
0
-3
-1
3
6
7
3
5
-3
7
6
3
13
-7
0
-9
-5
-5
-7
-5
4
16
6
-4
-4
-4
-10
-3
-3
-1
5
7
7
-3
-5
-4
-6
-5
2
0
-4
6
-5
-2
0
4
-3
-12
18
9
2
9
-4
-4
-2
-5
2
6
-6
4
-3
0
-9
0
-4
4
-1
4
0
-5
-8
-2
2
5
2
-3
-2
4
-8
7
4
17
-8
-8
3
-3
-5
4
4
-2
-2
-8
-10
-7
-9
-16
-15
-11
15
-14
-10
0
-22
-2
-10
0
14
-1
-2
-7
-11
-9
-10
-3
-14
-1
-2
-2
-4
-3
-7
-11
-3
-4
-7
-13
-12
8
-9
-5
-6
-14
-9
-18
-18
4
-10
0
-8
6
13
16
-6
-6
11
-1
6
6
14
-1
-4
5
-7
11
0
-6
2
-2
-5
6
0
2
-7
-4
-1
-7
-13
11
10
